4
minkowski
             precision    recall  f1-score   support

        0.0       0.97      1.00      0.98       980
        1.0       0.96      1.00      0.98      1135
        2.0       0.98      0.96      0.97      1032
        3.0       0.97      0.96      0.97      1010
        4.0       0.97      0.95      0.96       982
        5.0       0.97      0.96      0.97       892
        6.0       0.99      0.98      0.98       958
        7.0       0.97      0.96      0.96      1028
        8.0       0.98      0.96      0.97       974
        9.0       0.94      0.97      0.95      1009

avg / total       0.97      0.97      0.97     10000

('Total images labelled:', 10000)
('Images labelled correctly:', 9683)
('Score:', 0.96827143984534092)
Confusion matrix:
[[ 976    1    1    0    0    0    0    1    1    0]
 [   0 1133    2    0    0    0    0    0    0    0]
 [  11    8  990    1    1    0    0   16    5    0]
 [   0    2    5  971    1   10    1    7    7    6]
 [   3    9    0    0  929    0    4    1    0   36]
 [   4    0    0   14    2  855    5    1    4    7]
 [   6    3    0    0    4    3  942    0    0    0]
 [   0   23    5    0    5    0    0  982    0   13]
 [   5    2    4    9    5    8    3    3  931    4]
 [   4    5    2    5    6    3    1    6    3  974]]
(row=expected, col=predicted)
