2
l1
             precision    recall  f1-score   support

        0.0       0.95      1.00      0.97       980
        1.0       0.93      1.00      0.96      1135
        2.0       0.98      0.95      0.97      1032
        3.0       0.95      0.96      0.95      1010
        4.0       0.98      0.93      0.95       982
        5.0       0.97      0.93      0.95       892
        6.0       0.99      0.97      0.98       958
        7.0       0.97      0.94      0.95      1028
        8.0       0.98      0.95      0.96       974
        9.0       0.91      0.97      0.94      1009

avg / total       0.96      0.96      0.96     10000

('Total images labelled:', 10000)
('Images labelled correctly:', 9599)
('Score:', 0.95990086594911317)
Confusion matrix:
[[ 976    2    1    0    0    0    0    1    0    0]
 [   0 1134    1    0    0    0    0    0    0    0]
 [  13   18  982    1    2    0    0   11    4    1]
 [   1    3    7  965    1    9    0    8    8    8]
 [   2   16    0    0  910    0    2    2    3   47]
 [   7    2    0   31    1  829    2    1    6   13]
 [  11    3    1    0    5    5  933    0    0    0]
 [   0   31    6    2    5    0    0  965    0   19]
 [   9    4    4    8    3    7    2    3  928    6]
 [   5    6    1    5    4    1    1    7    2  977]]
(row=expected, col=predicted)
