2
l2
             precision    recall  f1-score   support

        0.0       0.96      1.00      0.98       980
        1.0       0.95      1.00      0.97      1135
        2.0       0.98      0.96      0.97      1032
        3.0       0.96      0.96      0.96      1010
        4.0       0.98      0.94      0.96       982
        5.0       0.98      0.94      0.96       892
        6.0       0.99      0.98      0.99       958
        7.0       0.97      0.94      0.96      1028
        8.0       0.97      0.96      0.97       974
        9.0       0.92      0.97      0.94      1009

avg / total       0.97      0.97      0.97     10000

('Total images labelled:', 10000)
('Images labelled correctly:', 9653)
('Score:', 0.96529487033278716)
Confusion matrix:
[[ 976    1    1    0    0    0    0    1    1    0]
 [   0 1133    2    0    0    0    0    0    0    0]
 [  11   10  994    1    2    0    0   10    3    1]
 [   1    1    8  965    1    8    0    5   11   10]
 [   3    7    0    0  921    0    2    2    2   45]
 [   6    2    0   25    2  838    2    1    6   10]
 [   7    3    0    0    5    4  938    0    1    0]
 [   0   29    7    2    3    0    0  970    0   17]
 [   6    0    3    8    3    6    2    2  939    5]
 [   6    5    0    4    5    2    1    4    3  979]]
(row=expected, col=predicted)
