3
l2
             precision    recall  f1-score   support

        0.0       0.97      0.99      0.98       980
        1.0       0.96      1.00      0.98      1135
        2.0       0.99      0.96      0.97      1032
        3.0       0.97      0.96      0.97      1010
        4.0       0.98      0.96      0.97       982
        5.0       0.97      0.96      0.97       892
        6.0       0.98      0.99      0.98       958
        7.0       0.96      0.96      0.96      1028
        8.0       0.98      0.95      0.97       974
        9.0       0.95      0.96      0.96      1009

avg / total       0.97      0.97      0.97     10000

('Total images labelled:', 10000)
('Images labelled correctly:', 9714)
('Score:', 0.97137040990938128)
Confusion matrix:
[[ 974    1    1    0    0    1    2    1    0    0]
 [   0 1133    2    0    0    0    0    0    0    0]
 [  10    9  995    2    0    0    0   13    2    1]
 [   0    1    4  974    1   12    1    7    4    6]
 [   1    6    0    0  947    0    4    2    1   21]
 [   6    1    0   11    2  858    5    1    4    4]
 [   5    3    0    0    3    3  944    0    0    0]
 [   0   21    4    0    1    0    0  991    0   11]
 [   7    0    3   11    4   10    3    4  927    5]
 [   4    4    1    5    9    2    1    8    4  971]]
(row=expected, col=predicted)
